# Sample data file
# Lines with '#' are comments and are ignored
# This is an example of a data set, about customer profiles of a service
# Usage example: plug in favorable customers, for example those that spent
# the most amount of money. Plug in a lot of data, and the model will find if a new point
# is inside the sample data set cluster (convex hull). Being "inside" the cluster (convex hull)
# means that the input is similar to the data, and
# in this example, will have the biggest chance to spend a desired amount of money
# Country codes: 1-USA, 2-Canada, 3-England, 4-Germany, 5-France, 6-Spain, 7-Italy, 8-Romania, 9-Sweden, 10-Greece, 11-China, 12-Japan
# Gender codes: 0-Male, 1-Female, 2-Other
# Sample data format
# age | gender code (0-2) | country code (1-12) | days_since_signup | monthly_avg_spent | total_spent |
#
20 0 2 113 316 1318
39 2 10 58 172 457
26 2 8 107 489 1876
33 0 3 44 223 464
39 1 7 75 115 435
37 1 7 34 347 492
27 0 5 58 148 408
44 1 1 97 350 1255
47 1 7 47 301 526
24 0 7 100 366 1307
28 1 6 85 425 1261
47 0 8 90 380 1236
31 1 11 84 136 497
49 2 8 82 225 681
23 2 1 99 258 919
37 1 7 95 287 1054
42 1 9 49 370 693
21 0 6 119 103 467
30 2 2 111 415 1637
26 2 12 48 303 612
23 0 4 66 202 515
36 2 2 118 368 1502
37 0 4 120 134 611
21 0 2 83 307 948
30 1 4 120 373 1580
25 1 12 35 114 187
24 1 2 47 416 775
48 1 1 80 237 710
23 1 2 92 183 672
36 0 8 54 416 848
32 0 3 115 398 1652
42 1 4 81 371 1137
28 1 12 96 274 1012
43 1 8 90 443 1434
32 2 10 114 201 828
44 2 10 86 145 564
28 1 2 90 436 1458
33 1 12 85 419 1282
49 0 5 112 455 1820
28 2 4 50 293 562
33 0 9 95 389 1292
41 0 8 68 455 1091
33 1 4 118 413 1711
38 1 10 70 454 1117
43 1 5 46 332 610
27 1 1 51 303 627
30 0 5 67 216 566
41 2 1 114 326 1301
41 1 7 33 181 310
23 2 7 109 418 1627
27 2 8 86 397 1223
47 0 8 112 289 1218
20 1 1 51 254 503
21 0 12 116 450 1822
24 1 9 52 428 840
37 2 9 113 123 526
29 2 2 52 348 667
30 1 11 74 304 818
22 0 6 33 378 511
43 2 6 89 285 960
35 2 4 45 345 623
40 1 6 61 167 450
46 1 12 35 324 465
43 2 11 78 105 344
29 0 2 118 199 894
50 0 4 110 255 1038
33 0 3 52 368 692
43 0 12 118 129 644
24 1 7 69 368 982
30 1 11 52 387 764
21 2 7 53 412 796
32 2 10 55 484 955
26 1 12 30 323 448
47 2 4 73 379 1001
23 2 8 83 257 797
28 2 8 118 169 781
27 1 8 66 435 1103
32 1 1 109 109 477
33 1 7 108 483 1847
40 2 8 120 312 1325
38 0 5 70 479 1247
48 2 4 106 366 1393
24 1 3 117 333 1370
42 2 10 98 368 1338
48 2 10 76 256 772
32 1 8 86 273 834
29 2 6 38 265 392
30 2 9 44 479 784
37 1 9 58 437 916
36 1 8 69 133 426
29 0 3 98 282 1060
28 1 6 56 201 497
39 1 7 115 349 1443
42 1 12 67 318 775
40 1 12 68 493 1197
28 0 6 47 448 802
23 0 6 117 395 1656
36 0 10 89 247 881
20 0 3 34 149 234
38 1 6 110 470 1813
20 1 7 71 195 540
40 2 7 70 261 747
42 1 12 47 108 289
32 0 4 42 317 568
35 1 10 114 125 594
27 1 2 88 408 1332
37 0 8 59 145 341
50 1 10 34 183 332
40 1 9 107 164 719
22 0 6 90 422 1350
23 2 9 101 335 1267
24 1 5 48 328 661
30 1 7 59 252 579
48 1 8 72 398 1010
26 0 11 101 165 691
21 1 12 69 137 386
31 1 6 116 194 879
24 2 6 41 220 450
36 1 10 42 354 554
50 2 6 61 378 892
48 2 7 97 103 440
36 2 6 66 155 415
41 1 7 57 277 595
20 1 1 107 312 1169
31 2 8 42 468 732
38 2 5 58 228 527
38 2 8 66 387 988
44 2 2 46 372 706
35 2 5 48 435 846
37 1 12 88 113 429
40 2 3 97 128 464
34 2 12 96 259 908
46 2 2 108 466 1736
27 0 11 106 150 672
29 1 6 31 136 271
23 0 7 106 236 954
20 2 1 91 248 853
38 1 8 39 189 297
50 1 3 87 383 1241
20 2 6 63 327 785
45 0 5 98 245 850
31 0 10 120 432 1864
28 0 7 40 243 459
25 1 7 104 414 1530
44 0 11 86 287 898
37 1 4 116 453 1833
22 1 4 72 173 480
36 2 2 33 396 552
46 1 10 61 282 709
48 1 1 44 482 790
43 1 10 103 467 1663
22 2 9 61 473 1063
31 0 5 114 285 1174
37 2 10 118 437 1793
47 2 5 64 418 965
38 0 4 86 279 862
37 0 7 60 249 588
31 1 8 115 124 605
32 0 1 61 398 954
20 1 6 92 121 436
50 1 8 84 310 1005
47 1 9 104 274 1098
39 2 7 56 495 976
21 1 4 36 230 361
26 0 6 100 160 586
26 0 9 89 354 1105
46 1 8 42 423 720
43 0 7 102 492 1822
45 0 5 55 384 774
34 2 3 63 464 1113
49 1 8 46 311 584
47 1 6 112 149 697
27 1 4 50 355 688
24 0 10 44 196 388
24 2 12 59 445 960
33 2 5 31 333 438
21 1 1 99 467 1614
31 2 8 57 317 710
42 1 3 52 480 903
33 0 4 91 263 932
21 1 10 45 221 385
24 2 10 97 414 1442
37 1 11 59 255 629
29 0 4 76 493 1391
47 0 7 82 393 1174
27 2 1 55 172 401
36 2 2 44 473 831
26 1 7 102 138 522
44 1 9 94 365 1280
23 1 12 43 125 318
33 2 3 89 404 1343
33 1 4 112 375 1546
27 0 12 105 462 1758
47 1 10 92 125 463
49 1 1 105 459 1672
45 0 2 57 296 621
48 1 4 117 130 571
36 1 9 48 286 560
38 1 9 93 159 561
40 2 12 115 246 1073
32 2 1 63 103 286
43 0 5 69 132 375
28 1 5 94 125 499
32 2 3 48 244 458
35 0 4 64 209 586
47 2 12 65 177 517
49 2 8 114 308 1225
33 1 3 58 466 1047
44 0 4 97 397 1381
38 1 6 52 311 609
46 2 3 46 214 428
39 0 7 56 178 383
41 2 1 65 174 462
24 1 11 51 320 681
48 2 6 114 236 982
45 2 6 33 422 602
25 1 2 47 287 552
24 2 9 98 311 1091
33 0 5 95 426 1460
43 2 7 88 355 1138
25 1 5 107 347 1349
39 1 5 31 465 539
26 0 2 35 387 519
42 2 1 113 227 951
20 1 12 70 179 536
49 0 4 76 205 621
36 1 5 100 246 873
32 1 6 69 337 838
34 2 6 39 195 340
30 2 4 102 295 1149
21 0 5 31 239 341
32 0 1 36 110 220
38 2 7 84 444 1360
49 0 10 55 350 705
41 2 4 63 376 924
38 2 12 39 332 556
43 2 11 89 423 1370
44 1 7 74 195 630
21 2 5 90 318 1047
34 2 4 101 128 557
29 0 3 73 244 677
45 1 10 78 451 1233
28 2 3 50 212 412
42 0 6 60 347 817
48 1 4 39 409 612
33 0 3 39 210 352
27 2 8 100 424 1536
41 2 2 62 160 450
45 1 11 31 377 495
50 1 4 45 140 302
20 0 11 53 164 437
45 2 8 105 447 1617
28 2 7 119 330 1451
46 0 2 30 337 440
22 2 2 70 191 528
49 2 10 43 417 667
21 0 1 109 382 1535
45 1 1 117 470 1899
23 2 5 40 307 465
43 2 5 79 195 599
22 0 7 83 130 485
33 1 2 103 184 753
22 0 1 92 495 1568
39 2 10 112 299 1223
25 2 9 90 461 1473
39 1 3 47 130 349
37 1 11 90 422 1329
40 0 9 68 412 1021
45 0 10 64 414 979
30 2 6 85 397 1257
31 2 6 76 208 595
24 0 3 61 419 931
27 2 12 73 297 844
40 2 2 98 424 1455
33 2 8 31 386 485
48 2 10 40 442 667
28 1 2 107 119 485
47 2 6 51 299 598
48 2 9 33 463 630
47 0 5 59 464 996
39 1 6 66 489 1221
43 2 12 57 280 669
45 0 1 112 489 1880
50 1 8 57 349 789
30 2 12 70 146 431
36 1 12 89 335 1086
43 2 9 93 384 1298
23 0 11 71 427 1130
20 0 6 61 449 996
27 0 3 118 317 1342
39 2 12 44 187 401
28 0 3 30 325 473
33 2 8 84 107 371
25 0 6 101 265 1004
27 1 3 119 109 556
21 1 2 108 198 844
22 0 8 90 455 1429
39 2 1 58 305 682
28 1 5 84 430 1304
26 2 5 74 156 508
25 2 8 33 125 188
25 1 10 53 269 608
31 0 5 109 439 1650
44 0 3 94 132 492
41 0 3 105 116 499
24 2 7 71 474 1252
40 2 6 89 296 950
36 1 1 115 400 1637
36 1 7 62 214 522
41 0 3 48 271 517
44 0 6 75 454 1261
29 0 4 37 146 273
43 2 4 69 499 1290
34 2 8 80 283 893
30 0 8 73 275 779
38 1 3 35 377 500
24 2 12 80 388 1125
41 2 11 100 315 1157
22 2 1 83 458 1320
34 0 9 59 206 535
46 1 6 60 490 1036
41 1 12 76 177 585
22 1 5 92 401 1372
44 1 8 86 338 1032
41 1 12 76 402 1147
45 0 1 90 190 652
23 1 7 93 277 981
46 0 3 51 199 472
33 1 5 72 108 397
24 0 3 102 252 933
47 0 10 36 492 665
35 2 9 73 474 1218
42 0 4 66 366 892
35 2 11 86 276 930
48 1 8 73 241 661
22 2 10 79 303 889
37 1 12 90 228 818
26 2 2 46 375 719
23 2 10 101 480 1721
24 0 1 95 108 485
30 2 10 52 365 738
35 1 1 83 399 1159
47 2 12 116 347 1449
38 2 4 53 254 529
36 1 4 54 113 292
36 0 8 45 125 258
32 2 12 100 325 1173
35 1 4 80 381 1149
26 2 8 87 258 854
29 0 1 82 442 1304
30 0 1 75 255 700
41 2 2 33 195 364
21 2 8 66 247 613
24 0 7 79 458 1352
35 0 4 95 454 1504
20 1 6 74 301 891
22 1 11 91 386 1298
25 0 9 64 130 350
36 2 10 59 398 932
48 0 11 94 431 1495
44 1 4 75 172 552
39 2 5 30 123 182
39 1 12 104 467 1669
27 0 2 40 433 698
48 2 6 43 156 315
21 1 8 32 185 262
20 2 8 117 178 774
43 0 1 108 428 1590
48 2 4 94 470 1589
32 0 1 90 394 1299
40 0 11 120 174 829
26 0 4 80 210 623
37 2 10 50 448 796
30 2 3 33 338 517
50 1 12 94 243 875
28 0 9 39 211 360
45 0 6 94 242 852
49 2 10 110 201 887
40 2 2 51 149 348
27 0 9 88 110 376
25 1 9 91 230 784
38 0 6 108 303 1176
23 0 6 77 225 646
20 1 1 60 175 476
46 0 8 58 377 812
36 2 7 83 417 1278
43 2 11 33 224 311
36 2 3 57 424 875
36 0 4 76 453 1241
46 1 7 56 326 689
21 0 1 108 393 1561
20 0 7 79 434 1250
50 2 12 65 283 675
22 2 4 42 393 653
22 0 4 68 342 838
41 1 10 45 189 371
39 1 2 75 195 609
49 1 9 83 392 1180
50 1 6 80 407 1211
44 1 11 53 241 507
23 1 12 57 448 951
29 1 2 103 463 1693
47 1 3 41 499 742
34 2 8 33 431 540
21 0 12 57 242 567
24 2 10 77 107 326
37 1 1 97 233 808
35 2 12 116 467 1928
30 0 6 89 172 606
20 0 12 47 174 323
34 2 6 48 245 519
34 1 2 112 367 1520
27 0 9 78 318 881
41 2 9 83 298 916
31 0 7 45 231 489
29 2 7 83 437 1304
32 1 7 55 195 453
26 1 8 36 315 467
48 2 4 85 467 1431
38 0 3 91 467 1505
21 2 12 67 194 525
49 2 9 78 148 518
30 0 2 75 119 347
37 1 6 117 147 716
35 1 6 64 130 374
36 1 4 113 422 1714
21 2 4 67 241 589
27 0 1 40 499 722
21 0 9 50 231 450
28 1 4 58 120 311
44 2 12 59 159 461
45 0 9 34 360 499
34 2 4 86 433 1385
36 2 5 63 474 1066
20 0 8 100 186 700
41 0 9 103 233 866
20 2 2 41 358 573
37 0 3 30 433 503
43 1 4 99 244 945
37 2 3 39 117 246
24 2 9 110 471 1806
25 0 3 118 155 690
49 2 4 42 320 511
49 1 4 99 329 1235
37 0 9 43 231 404
35 2 12 107 194 837
40 2 6 55 332 750
34 0 9 80 111 375
37 2 7 97 258 898
49 0 5 83 402 1208
42 2 3 69 269 724
22 0 5 54 180 419
33 2 2 55 226 494
50 2 6 115 154 703
43 1 1 47 373 637
21 2 1 77 304 870
45 0 2 86 274 869
37 2 7 88 462 1449
49 0 5 41 159 332
48 1 7 59 377 837
28 1 5 96 351 1269
35 1 5 30 263 325
32 0 5 95 330 1114
37 1 1 52 479 968
24 0 7 99 283 988
26 2 9 118 281 1229
47 1 1 112 159 691
44 0 5 40 197 344
45 1 3 80 270 801
45 1 11 56 448 912
47 0 12 103 132 581
50 1 2 96 451 1554
20 2 4 110 203 866
34 1 5 56 366 776
25 1 10 105 161 643
44 2 7 118 209 943
27 2 7 101 473 1677
27 0 6 90 326 1040
27 0 1 94 461 1523
36 1 5 49 215 452
45 1 6 88 232 780
22 2 6 57 104 248
21 0 11 58 441 937
49 1 7 111 315 1248
22 0 1 44 154 289
34 1 3 81 118 435
47 2 10 68 184 488
20 1 12 34 173 277
20 2 6 93 165 583
21 2 1 112 461 1845
42 2 12 76 314 924
41 1 3 68 239 658
43 0 3 103 268 975
33 2 12 103 455 1632
37 2 10 31 352 468
44 2 4 116 306 1269
35 2 7 83 360 1141
31 1 2 106 451 1729
30 0 5 101 177 719
46 1 10 91 208 685
39 2 5 88 420 1331
33 0 8 34 377 516
30 0 7 51 245 559
34 2 5 90 141 550
49 1 11 101 258 989
33 1 6 115 308 1320
41 2 10 102 305 1105
39 2 12 71 271 752
43 2 11 53 163 341
23 1 10 83 136 498
31 2 2 114 150 679
31 2 3 116 249 1015
49 1 4 98 162 581
28 0 10 51 414 792
36 2 9 68 468 1153
32 0 3 106 145 646
34 1 7 117 382 1603
22 2 2 36 121 212
26 2 4 81 368 1095
38 1 1 112 325 1277
39 2 6 114 423 1701
32 0 5 115 316 1310
21 1 5 38 210 397
32 1 5 108 455 1728
45 2 9 64 408 965
25 1 3 102 449 1667
37 0 7 30 259 361
42 0 2 74 105 319
23 1 8 109 476 1842
30 2 7 69 286 774
23 0 12 106 128 602
20 2 1 45 392 680
49 2 7 69 395 962
23 1 9 44 194 424
35 1 7 89 145 506
26 0 3 88 284 931
39 0 3 52 440 899
46 0 4 54 268 612
47 0 4 95 196 684
28 1 9 50 294 544
34 0 6 86 458 1418
25 1 11 69 403 1041
42 1 12 96 123 514
32 0 12 72 196 601
47 2 5 55 289 611
35 2 9 30 348 478
25 1 4 48 375 685
40 2 10 65 448 1085
35 1 12 115 250 1095
33 2 9 95 373 1300
34 2 6 93 269 927
35 2 7 53 425 869
33 1 5 56 174 401
28 1 1 94 309 1067
32 0 4 111 353 1407
33 2 7 120 305 1286
29 2 12 43 465 798
21 2 10 43 229 414
38 1 9 81 459 1341
46 0 11 48 466 873
50 0 4 70 185 580
30 1 7 96 338 1214
50 0 7 103 310 1146
43 1 5 40 122 293
36 2 12 101 416 1471
25 1 10 116 429 1763
25 2 3 87 477 1513
38 0 5 84 309 923
40 0 3 51 389 796
32 1 2 96 228 875
27 2 12 87 398 1275
24 0 7 90 370 1209
31 2 2 71 144 393
22 1 5 95 111 423
40 0 4 120 500 2080
32 2 1 49 361 658
33 2 3 120 236 1053
26 2 4 33 426 530
27 0 2 113 144 604
20 1 2 113 464 1807
49 0 1 65 203 579
26 1 5 64 134 336
47 2 11 72 368 976
34 0 2 94 405 1375
27 0 2 112 281 1197
37 1 8 48 206 391
46 1 3 77 139 434
47 0 9 88 402 1284
46 2 12 67 481 1194
25 2 2 96 109 459
32 0 10 48 305 581
29 1 6 93 311 1063
27 1 3 99 170 640
23 1 12 119 117 542
25 1 5 79 247 731
40 2 9 88 222 799
24 1 9 84 407 1261
48 0 7 101 329 1158
40 0 11 60 500 1123
45 2 9 74 487 1304
30 1 11 109 367 1389
25 0 4 82 326 971
21 1 12 74 114 349
49 0 1 84 105 395
47 1 5 38 292 508
38 1 5 68 314 763
22 1 9 87 327 1051
27 2 6 110 346 1326
20 0 12 59 351 809
50 1 10 62 455 1024
26 0 1 120 166 749
43 0 12 63 228 621
40 2 7 80 486 1349
34 2 3 59 274 672
38 1 8 120 130 645
40 1 11 50 263 548
32 1 11 83 492 1458
35 0 3 71 177 493
34 0 11 44 459 779
48 1 4 113 463 1872
47 1 11 38 310 516
49 2 2 53 367 719
34 2 8 65 158 399
46 0 9 113 222 929
35 2 2 79 439 1254
23 2 7 111 251 1061
28 2 1 39 268 489
42 2 2 47 144 313
47 2 8 93 477 1609
38 2 10 97 261 990
43 1 2 120 292 1232
33 2 3 51 167 410
36 1 8 85 182 620
50 1 10 69 393 968
30 0 9 67 111 347
28 2 11 71 241 713
49 0 7 52 450 893
44 2 12 98 477 1690
26 1 8 114 204 909
32 0 12 60 192 468
49 2 1 33 393 484
24 0 10 100 347 1246
40 0 8 103 449 1639
38 0 8 42 393 629
45 1 1 53 362 757
31 0 10 67 217 630
25 2 7 74 371 1037
28 1 11 37 413 630
28 0 5 83 365 1099
35 0 8 93 380 1285
49 2 3 69 224 656
30 0 5 76 362 1041
46 0 10 104 315 1202
28 0 9 55 224 467
35 1 9 111 337 1323
36 0 12 32 393 526
31 1 3 103 401 1525
38 2 1 106 226 873
28 0 10 110 212 913
45 2 7 85 466 1419
23 0 5 43 415 714
31 0 9 118 330 1379
37 0 3 56 351 747
48 0 4 38 398 605
26 1 8 101 236 920
48 2 9 51 112 312
38 1 6 42 391 648
50 2 6 83 287 850
45 2 8 61 469 1020
29 0 12 52 319 646
48 1 3 81 493 1409
41 2 3 52 236 500
39 2 2 91 311 1014
26 1 11 91 268 874
21 1 2 93 390 1293
21 1 2 112 335 1379
21 0 5 74 196 548
24 1 3 91 409 1381
25 0 9 84 476 1402
28 2 9 117 452 1851
26 1 10 73 429 1151
39 1 5 111 326 1299
29 0 4 43 226 461
49 2 7 86 498 1518
35 0 3 115 395 1640
32 2 10 41 296 499
48 0 6 115 173 735
20 1 6 71 334 865
21 1 4 44 404 666
27 2 9 101 261 946
44 1 3 43 214 447
29 2 5 85 210 667
42 2 7 94 155 620
31 1 8 101 319 1181
47 2 11 42 275 506
42 1 8 45 423 753
30 2 11 77 401 1147
33 2 3 117 377 1541
49 1 6 101 344 1242
28 1 4 60 323 697
36 1 4 55 350 766
32 0 1 99 386 1402
29 1 11 30 477 596
28 2 2 97 183 736
30 0 11 97 118 471
36 2 9 33 134 204
22 2 9 85 144 522
22 1 4 109 204 809
41 1 1 67 337 804
44 0 11 117 496 2035
31 0 6 93 192 668
33 2 6 85 309 950
25 0 3 65 242 639
49 2 3 78 429 1185
39 1 12 112 408 1665
21 0 7 61 401 875
32 2 8 98 453 1627
39 2 11 33 298 405
24 0 1 104 151 650
50 0 9 93 318 1121
37 1 9 42 411 649
33 2 8 42 214 441
39 0 12 116 254 1035
49 1 5 79 189 565
45 0 2 34 298 404
48 1 10 103 206 760
38 2 12 85 227 731
33 1 11 94 131 497
26 2 5 84 397 1232
41 1 5 87 349 1093
37 2 1 110 227 895
28 2 5 47 316 547
25 2 5 81 332 987
43 0 5 37 493 744
21 0 5 32 420 531
47 2 5 35 405 528
30 1 5 109 399 1504
31 2 10 92 340 1173
35 0 4 51 409 835
24 2 8 105 230 931
29 0 7 46 488 854
37 1 6 89 317 1077
21 2 9 67 149 479
30 2 8 63 327 755
28 2 4 45 161 291
20 0 9 118 106 490
37 2 3 41 233 431
21 1 10 95 271 1001
24 1 12 63 164 461
35 1 12 50 290 605
47 2 3 69 137 380
49 2 2 115 445 1833
38 1 3 94 417 1393
46 2 11 82 481 1398
36 2 3 50 248 538
34 0 12 81 485 1362
50 0 7 70 347 954
41 1 4 100 204 794
41 2 8 57 153 424
20 2 2 31 385 501
21 2 8 117 465 1867
42 1 2 52 337 648
38 2 12 117 478 1931
24 0 9 31 186 283
31 1 2 59 167 460
35 0 4 38 169 352
42 0 10 86 304 936
21 2 12 57 331 729
50 2 8 96 114 420
25 1 10 92 169 600
30 2 3 104 242 915
38 1 12 30 115 199
37 2 9 53 443 884
45 2 4 57 111 302
26 2 7 115 139 614
30 0 1 69 176 510
26 1 8 107 341 1295
37 1 2 68 246 651
47 1 6 116 433 1808
33 1 10 112 199 880
44 2 1 84 202 705
30 0 8 77 269 768
50 0 7 43 185 397
41 1 3 42 436 680
22 0 12 120 270 1155
47 1 10 58 399 919
38 2 3 31 486 573
48 0 8 115 313 1250
30 0 2 72 235 696
46 1 8 34 316 484
38 0 1 105 470 1729
21 2 9 74 240 683
37 0 10 93 227 844
44 1 4 71 125 363
20 2 12 90 329 1112
39 1 3 66 272 685
38 2 12 64 327 793
25 0 2 110 315 1225
49 1 6 32 248 387
25 0 12 45 138 339
40 0 2 80 393 1118
28 0 2 120 470 1949
42 2 3 37 271 410
28 1 3 99 422 1519
20 1 8 35 303 487
30 0 10 94 189 717
35 1 1 46 397 671
30 1 10 109 370 1472
48 2 1 85 298 989
44 2 2 92 494 1568
46 2 10 55 181 415
39 2 3 63 213 587
36 2 3 78 458 1336
47 2 11 100 484 1762
47 0 2 105 396 1506
35 2 5 67 433 1098
23 2 11 57 441 984
30 0 9 103 184 739
24 0 10 110 228 892
26 2 5 53 224 463
25 1 12 106 273 1014
26 1 12 39 139 231
39 2 4 54 187 463
22 0 9 70 206 609
41 1 10 89 216 731
36 1 3 78 356 1051
24 2 5 73 496 1279
33 2 3 86 210 662
20 1 7 98 211 800
28 2 6 40 384 636
22 0 12 72 497 1322
43 1 11 77 469 1304
45 2 11 116 389 1581
40 1 2 99 235 884
25 0 4 74 309 863
39 1 10 89 428 1394
42 1 4 61 393 876
45 0 5 37 401 643
27 2 6 101 279 1086
26 2 10 105 461 1722
41 1 3 52 209 477
34 2 7 44 414 682
40 0 3 87 457 1379
50 2 5 63 208 490
41 2 6 58 101 283
25 0 1 73 288 801
32 1 7 38 405 606
29 1 8 49 346 663
31 2 9 116 354 1469
21 2 12 57 252 583
41 0 5 96 148 613
50 0 8 70 279 775
33 0 3 111 341 1312
23 0 12 30 225 288
43 2 2 68 249 622
23 1 6 74 404 1138
39 1 12 75 317 887
38 0 1 91 464 1458
33 1 11 101 309 1141
37 2 6 104 323 1244
46 1 10 56 258 599
39 2 7 59 458 1045
45 0 5 34 187 302
37 2 12 82 123 475
48 0 4 108 284 1078
43 0 10 106 113 522
22 0 7 40 353 556
37 0 1 110 452 1725
21 0 11 104 178 686
50 1 11 38 399 588
30 0 1 31 159 222
31 2 9 65 413 1036
25 1 4 68 226 621
29 1 11 43 154 285
42 1 10 92 481 1611
36 1 7 88 431 1319
43 2 6 61 284 660
21 1 8 120 211 950
34 2 2 71 409 1055
39 0 9 54 369 787
31 2 4 103 235 937
32 1 11 48 270 541
46 0 9 65 237 606
24 1 1 80 115 404
43 0 8 59 365 782
48 1 9 77 324 917
27 1 5 113 480 1913
32 2 9 51 337 634
38 0 5 99 316 1103
47 0 11 105 145 598
38 2 2 101 103 461
21 1 8 81 376 1160
26 2 2 99 292 1111
30 0 6 33 180 276
33 1 10 54 380 789
41 2 1 47 164 391
49 2 7 120 491 2023
30 1 12 95 497 1667
24 2 2 40 247 457
36 1 12 84 177 584
46 2 11 59 328 734
22 1 3 72 192 558
24 0 8 73 369 1001
23 1 2 42 500 780
29 2 9 31 500 656
39 1 4 32 288 447
47 2 11 75 207 619
43 0 8 74 398 1101
49 0 1 34 262 386
49 1 11 61 389 888
25 1 8 79 246 788
48 1 2 84 437 1368
31 2 5 113 497 2018
49 1 4 81 310 897
38 1 12 58 213 548
43 0 3 112 111 502
30 1 5 42 228 418
43 1 2 108 142 649
43 1 6 95 252 860
25 2 4 80 127 441
46 2 8 75 145 489
43 1 6 94 213 766
45 2 8 51 445 845
49 1 2 113 152 641
31 1 5 54 421 892
48 2 6 97 265 961
37 1 12 111 126 591
44 1 3 31 486 622
22 2 3 48 170 405
21 1 7 63 300 682
34 1 1 71 178 501
44 1 12 85 350 1116
48 0 11 48 135 336
28 1 4 116 475 1886
48 2 11 115 322 1336
45 0 12 79 374 1119
40 1 6 117 251 1108
27 0 10 75 256 692
50 0 11 108 480 1853
42 1 1 77 213 613
25 0 8 109 449 1776
45 0 12 113 171 700
47 0 2 71 128 354
45 2 11 41 214 372
41 0 8 112 131 587
28 2 4 68 189 548
49 0 12 42 455 715
36 0 12 117 500 2066
35 1 7 106 427 1605
40 1 7 76 234 726
25 0 3 46 367 622
49 1 8 32 474 638
27 1 11 46 170 363
20 1 9 99 253 897
22 2 10 60 293 660
28 2 9 100 118 473
50 1 12 56 464 936
37 0 2 64 336 791
22 0 2 114 439 1760
22 1 10 34 449 568
45 0 8 102 166 617
28 1 1 61 357 777
39 0 2 32 479 603
49 0 10 103 356 1325
22 1 2 50 201 468
39 2 9 79 482 1338
26 1 8 60 168 390
42 0 8 51 211 441
50 0 12 68 319 854
39 1 11 62 119 331
28 2 12 118 466 1952
28 0 12 112 434 1763
43 0 7 79 308 913
28 1 12 112 334 1345
46 1 1 57 286 595
24 2 8 82 353 1050
45 1 9 91 260 913
21 1 4 106 123 514
48 0 10 53 464 933
30 1 5 77 118 385
42 0 6 73 129 438
35 1 11 100 251 953
41 0 5 100 122 520
39 1 12 75 379 1075
27 0 11 113 235 1021
48 1 9 91 139 530
45 0 10 37 299 443
39 1 5 52 478 950
36 2 7 42 347 622
28 0 11 107 316 1230
41 0 11 107 157 650
25 2 11 66 200 562
31 0 10 82 423 1217
32 1 12 71 269 772
22 0 1 42 104 261
43 0 1 118 296 1217
38 1 4 113 147 663
41 2 8 58 276 650
50 0 10 108 148 583
42 0 1 39 421 621
